common=1.01;
dadk=1.02;1.03;1.04;1.05;1.06;
dede=1.02;1.03;1.04;
elgr=1.02;1.03;1.04;1.05;1.06;1.07;
enau=1.02;1.03;1.04;1.05;
engb=1.02;1.03;1.04;1.05;
enus=1.02;1.03;1.04;1.05;
eses=1.02;1.03;1.04;1.05;
esmx=1.02;1.03;1.04;1.05;
fifi=1.02;1.03;1.04;
frfr=1.02;1.03;1.04;
itit=1.02;1.03;1.04;
jajp=1.02;1.03;1.04;
nbno=1.02;1.03;1.04;1.05;1.06;
nlnl=1.02;1.03;1.04;1.05;
plpl=1.02;1.03;1.04;1.05;
ptbr=1.02;1.03;1.04;1.05;
ptpt=1.02;1.03;1.04;1.05;1.06;
ruru=1.02;1.03;1.04;
svse=1.02;1.03;1.04;1.05;1.06;
trtr=1.02;1.03;1.04;
zhcn=1.02;1.03;1.04;
zhhk=1.02;1.03;1.04;1.05;
zhtw=1.02;1.03;

